 K=           1
   -0.00   -0.00   -0.00   -0.00   -0.00   -0.00   -0.00   -0.00   -0.00   -0.00
   -0.00   -0.01   -0.02   -0.02   -0.02   -0.02   -0.02   -0.02   -0.01   -0.00
   -0.00   -0.02   -0.02   -0.02   -0.02   -0.02   -0.02   -0.02   -0.02   -0.00
   -0.00   -0.02   -0.02   -0.02   -0.02   -0.02   -0.02   -0.02   -0.02   -0.00
   -0.00   -0.02   -0.02   -0.02   -0.02   -0.02   -0.02   -0.02   -0.02   -0.00
   -0.00   -0.02   -0.02   -0.02   -0.02   -0.02   -0.02   -0.02   -0.02   -0.00
   -0.00   -0.02   -0.02   -0.02   -0.02   -0.02   -0.02   -0.02   -0.02   -0.00
   -0.00   -0.02   -0.02   -0.02   -0.02   -0.02   -0.02   -0.02   -0.02   -0.00
   -0.00   -0.01   -0.02   -0.02   -0.02   -0.02   -0.02   -0.02   -0.01   -0.00
   -0.00   -0.00   -0.00   -0.00   -0.00   -0.00   -0.00   -0.00   -0.00   -0.00
 K=           2
   -0.00   -0.00   -0.00   -0.00   -0.00   -0.00   -0.00   -0.00   -0.00   -0.00
   -0.00   -0.03   -0.03   -0.03   -0.03   -0.03   -0.03   -0.03   -0.03   -0.00
   -0.00   -0.03   -0.03   -0.04   -0.04   -0.04   -0.04   -0.03   -0.03   -0.00
   -0.00   -0.03   -0.04   -0.04   -0.04   -0.04   -0.04   -0.04   -0.03   -0.00
   -0.00   -0.03   -0.04   -0.04   -0.04   -0.04   -0.04   -0.04   -0.03   -0.00
   -0.00   -0.03   -0.04   -0.04   -0.04   -0.04   -0.04   -0.04   -0.03   -0.00
   -0.00   -0.03   -0.04   -0.04   -0.04   -0.04   -0.04   -0.04   -0.03   -0.00
   -0.00   -0.03   -0.03   -0.04   -0.04   -0.04   -0.04   -0.03   -0.03   -0.00
   -0.00   -0.03   -0.03   -0.03   -0.03   -0.03   -0.03   -0.03   -0.03   -0.00
   -0.00   -0.00   -0.00   -0.00   -0.00   -0.00   -0.00   -0.00   -0.00   -0.00
 K=           3
   -0.00   -0.00   -0.00   -0.00   -0.00   -0.00   -0.00   -0.00   -0.00   -0.00
   -0.00   -0.03   -0.04   -0.04   -0.04   -0.04   -0.04   -0.04   -0.03   -0.00
   -0.00   -0.04   -0.05   -0.05   -0.05   -0.05   -0.05   -0.05   -0.04   -0.00
   -0.00   -0.04   -0.05   -0.05   -0.05   -0.05   -0.05   -0.05   -0.04   -0.00
   -0.00   -0.04   -0.05   -0.05   -0.05   -0.05   -0.05   -0.05   -0.04   -0.00
   -0.00   -0.04   -0.05   -0.05   -0.05   -0.05   -0.05   -0.05   -0.04   -0.00
   -0.00   -0.04   -0.05   -0.05   -0.05   -0.05   -0.05   -0.05   -0.04   -0.00
   -0.00   -0.04   -0.05   -0.05   -0.05   -0.05   -0.05   -0.05   -0.04   -0.00
   -0.00   -0.03   -0.04   -0.04   -0.04   -0.04   -0.04   -0.04   -0.03   -0.00
   -0.00   -0.00   -0.00   -0.00   -0.00   -0.00   -0.00   -0.00   -0.00   -0.00
 K=           4
   -0.00   -0.00   -0.00   -0.00   -0.00   -0.00   -0.00   -0.00   -0.00   -0.00
   -0.00   -0.04   -0.05   -0.05   -0.05   -0.05   -0.05   -0.05   -0.04   -0.00
   -0.00   -0.05   -0.07   -0.07   -0.07   -0.07   -0.07   -0.07   -0.05   -0.00
   -0.00   -0.05   -0.07   -0.07   -0.07   -0.07   -0.07   -0.07   -0.05   -0.00
   -0.00   -0.05   -0.07   -0.07   -0.07   -0.07   -0.07   -0.07   -0.05   -0.00
   -0.00   -0.05   -0.07   -0.07   -0.07   -0.07   -0.07   -0.07   -0.05   -0.00
   -0.00   -0.05   -0.07   -0.07   -0.07   -0.07   -0.07   -0.07   -0.05   -0.00
   -0.00   -0.05   -0.07   -0.07   -0.07   -0.07   -0.07   -0.07   -0.05   -0.00
   -0.00   -0.04   -0.05   -0.05   -0.05   -0.05   -0.05   -0.05   -0.04   -0.00
   -0.00   -0.00   -0.00   -0.00   -0.00   -0.00   -0.00   -0.00   -0.00   -0.00
 K=           5
   -0.00   -0.00   -0.00   -0.00   -0.00   -0.00   -0.00   -0.00   -0.00   -0.00
   -0.00   -0.05   -0.06   -0.06   -0.06   -0.06   -0.06   -0.06   -0.05   -0.00
   -0.00   -0.06   -0.08   -0.08   -0.08   -0.08   -0.08   -0.08   -0.06   -0.00
   -0.00   -0.06   -0.08   -0.09   -0.09   -0.09   -0.09   -0.08   -0.06   -0.00
   -0.00   -0.06   -0.08   -0.09   -0.09   -0.09   -0.09   -0.08   -0.06   -0.00
   -0.00   -0.06   -0.08   -0.09   -0.09   -0.09   -0.09   -0.08   -0.06   -0.00
   -0.00   -0.06   -0.08   -0.09   -0.09   -0.09   -0.09   -0.08   -0.06   -0.00
   -0.00   -0.06   -0.08   -0.08   -0.08   -0.08   -0.08   -0.08   -0.06   -0.00
   -0.00   -0.05   -0.06   -0.06   -0.06   -0.06   -0.06   -0.06   -0.05   -0.00
   -0.00   -0.00   -0.00   -0.00   -0.00   -0.00   -0.00   -0.00   -0.00   -0.00
